[ { "armCommand": { "armCartesianGoal": { "id": { "id": 1, "name": "r_arm" }, "goalPose": { "data": [ 0.19147831201553345, -0.20574122667312622, -0.959691047668457, 0.41772282123565674, 0.015309184789657593, 0.97829008102416992, -0.20667406916618347, -0.054552808403968811, 0.98137760162353516, 0.024881549179553986, 0.19047105312347412, -0.2630687952041626, 0, 0, 0, 1 ] } } } } ]
[ { "armCommand": { "armCartesianGoal": { "id": { "id": 1, "name": "r_arm" }, "goalPose": { "data": [ 0.19167596101760864, -0.20690762996673584, -0.95940053462982178, 0.41770154237747192, 0.015230849385261536, 0.978035032749176, -0.20788344740867615, -0.054528284817934036, 0.98133993148803711, 0.025233753025531769, 0.19061720371246338, -0.2630922794342041, 0, 0, 0, 1 ] } } } } ]
[ { "armCommand": { "armCartesianGoal": { "id": { "id": 1, "name": "r_arm" }, "goalPose": { "data": [ 0.1911168098449707, -0.20660945773124695, -0.95957654714584351, 0.41769504547119141, 0.015457466244697571, 0.97810840606689453, -0.20752102136611938, -0.0545320026576519, 0.98144572973251343, 0.024828150868415833, 0.19012659788131714, -0.26304531097412109, 0, 0, 0, 1 ] } } } } ]
[ { "armCommand": { "armCartesianGoal": { "id": { "id": 1, "name": "r_arm" }, "goalPose": { "data": [ 0.19095319509506226, -0.20666167140007019, -0.95959794521331787, 0.4176810085773468, 0.015394680202007294, 0.97809642553329468, -0.20758217573165894, -0.054535042494535446, 0.98147857189178467, 0.024865821003913879, 0.18995213508605957, -0.26303255558013916, 0, 0, 0, 1 ] } } } } ]
[ { "armCommand": { "armCartesianGoal": { "id": { "id": 1, "name": "r_arm" }, "goalPose": { "data": [ 0.19093447923660278, -0.20693483948707581, -0.95954275131225586, 0.41765990853309631, 0.015209496021270752, 0.97803270816802979, -0.20789596438407898, -0.05453144758939743, 0.98148512840271, 0.025100387632846832, 0.18988752365112305, -0.26303088665008545, 0, 0, 0, 1 ] } } } } ]
[ { "armCommand": { "armCartesianGoal": { "id": { "id": 1, "name": "r_arm" }, "goalPose": { "data": [ 0.19092404842376709, -0.20713517069816589, -0.95950156450271606, 0.41763946413993835, 0.015146248042583466, 0.97798770666122437, -0.20811210572719574, -0.054529663175344467, 0.981488049030304, 0.025200784206390381, 0.18985873460769653, -0.26302683353424072, 0, 0, 0, 1 ] } } } } ]
[ { "armCommand": { "armCartesianGoal": { "id": { "id": 1, "name": "r_arm" }, "goalPose": { "data": [ 0.19083333015441895, -0.20716109871864319, -0.9595140814781189, 0.41763365268707275, 0.015160024166107178, 0.97798293828964233, -0.20813348889350891, -0.054529599845409393, 0.98150557279586792, 0.025172583758831024, 0.18977230787277222, -0.26302194595336914, 0, 0, 0, 1 ] } } } } ]
[ { "armCommand": { "armCartesianGoal": { "id": { "id": 1, "name": "r_arm" }, "goalPose": { "data": [ 0.19070041179656982, -0.20707002282142639, -0.95956003665924072, 0.41761937737464905, 0.015243954956531525, 0.978005588054657, -0.20802098512649536, -0.054531816393136978, 0.981529951095581, 0.025042213499546051, 0.1896626353263855, -0.2630077600479126, 0, 0, 0, 1 ] } } } } ]
[ { "armCommand": { "armCartesianGoal": { "id": { "id": 1, "name": "r_arm" }, "goalPose": { "data": [ 0.19075566530227661, -0.20649316906929016, -0.95967340469360352, 0.41761597990989685, 0.015579633414745331, 0.97813862562179565, -0.20736956596374512, -0.054536826908588409, 0.98151397705078125, 0.024605579674243927, 0.18980252742767334, -0.26299953460693359, 0, 0, 0, 1 ] } } } } ]
[ { "armCommand": { "armCartesianGoal": { "id": { "id": 1, "name": "r_arm" }, "goalPose": { "data": [ 0.190967857837677, -0.20523989200592041, -0.95989990234375, 0.4176403284072876, 0.016810126602649689, 0.97843724489212036, -0.20585912466049194, -0.054545875638723373, 0.9814523458480835, 0.02317645400762558, 0.19030022621154785, -0.26299142837524414, 0, 0, 0, 1 ] } } } } ]
[ { "armCommand": { "armCartesianGoal": { "id": { "id": 1, "name": "r_arm" }, "goalPose": { "data": [ 0.19121158123016357, -0.20357470214366913, -0.96020603179931641, 0.41767960786819458, 0.018383517861366272, 0.97882705926895142, -0.2038617730140686, -0.054547067731618881, 0.9813767671585083, 0.021328791975975037, 0.19090551137924194, -0.26297092437744141, 0, 0, 0, 1 ] } } } } ]
[ { "armCommand": { "armCartesianGoal": { "id": { "id": 1, "name": "r_arm" }, "goalPose": { "data": [ 0.19219785928726196, -0.20207428932189941, -0.96032601594924927, 0.41774085164070129, 0.01992613822221756, 0.97917205095291138, -0.20205195248126984, -0.054529476910829544, 0.98115390539169312, 0.019698366522789, 0.19222134351730347, -0.26293587684631348, 0, 0, 0, 1 ] } } } } ]
[ { "armCommand": { "armCartesianGoal": { "id": { "id": 1, "name": "r_arm" }, "goalPose": { "data": [ 0.19319039583206177, -0.201835036277771, -0.96017730236053467, 0.41778439283370972, 0.020422093570232391, 0.97922807931900024, -0.20173069834709167, -0.054523922502994537, 0.98094892501831055, 0.019363634288311005, 0.19329935312271118, -0.26291191577911377, 0, 0, 0, 1 ] } } } } ]
[ { "armCommand": { "armCartesianGoal": { "id": { "id": 1, "name": "r_arm" }, "goalPose": { "data": [ 0.193667471408844, -0.20176193118095398, -0.960096538066864, 0.41781827807426453, 0.02051418274641037, 0.979243278503418, -0.2016475647687912, -0.054526075720787048, 0.98085290193557739, 0.019357025623321533, 0.19378656148910522, -0.26289927959442139, 0, 0, 0, 1 ] } } } } ]
[ { "armCommand": { "armCartesianGoal": { "id": { "id": 1, "name": "r_arm" }, "goalPose": { "data": [ 0.19396317005157471, -0.20174166560173035, -0.96004092693328857, 0.41782340407371521, 0.020544655621051788, 0.97924691438674927, -0.20162680745124817, -0.054537218064069748, 0.98079371452331543, 0.019384466111660004, 0.19408255815505981, -0.2628929615020752, 0, 0, 0, 1 ] } } } } ]
[ { "armCommand": { "armCartesianGoal": { "id": { "id": 1, "name": "r_arm" }, "goalPose": { "data": [ 0.19389969110488892, -0.202274352312088, -0.95994186401367188, 0.41781207919120789, 0.020272895693778992, 0.97912973165512085, -0.20222263038158417, -0.054547369480133057, 0.98081207275390625, 0.019750148057937622, 0.19395363330841064, -0.26289153099060059, 0, 0, 0, 1 ] } } } } ]
[ { "armCommand": { "armCartesianGoal": { "id": { "id": 1, "name": "r_arm" }, "goalPose": { "data": [ 0.198503315448761, -0.20094528794288635, -0.95927965641021729, 0.41795077919960022, 0.021501101553440094, 0.97941398620605469, -0.20071372389793396, -0.054595548659563065, 0.97986435890197754, 0.019216760993003845, 0.19873744249343872, -0.26316845417022705, 0, 0, 0, 1 ] } } } } ]
[ { "armCommand": { "armCartesianGoal": { "id": { "id": 1, "name": "r_arm" }, "goalPose": { "data": [ 0.20235222578048706, -0.203810453414917, -0.9578700065612793, 0.41802495718002319, 0.023915059864521027, 0.97884088754653931, -0.2032204270362854, -0.054408375173807144, 0.97902083396911621, 0.018214598298072815, 0.20294475555419922, -0.26294922828674316, 0, 0, 0, 1 ] } } } } ]
[ { "armCommand": { "armCartesianGoal": { "id": { "id": 1, "name": "r_arm" }, "goalPose": { "data": [ 0.20272678136825562, -0.20198136568069458, -0.95817828178405762, 0.41810086369514465, 0.025437824428081512, 0.97925233840942383, -0.20104172825813293, -0.054477643221616745, 0.97890496253967285, 0.016382604837417603, 0.20365864038467407, -0.2629539966583252, 0, 0, 0, 1 ] } } } } ]
[ { "armCommand": { "armCartesianGoal": { "id": { "id": 1, "name": "r_arm" }, "goalPose": { "data": [ 0.19952213764190674, -0.20106528699398041, -0.95904326438903809, 0.41806980967521667, 0.023312941193580627, 0.979418933391571, -0.20048703253269196, -0.054550480097532272, 0.97961616516113281, 0.017643526196479797, 0.20010322332382202, -0.26300883293151855, 0, 0, 0, 1 ] } } } } ]
[ { "armCommand": { "armCartesianGoal": { "id": { "id": 1, "name": "r_arm" }, "goalPose": { "data": [ 0.19741368293762207, -0.20207935571670532, -0.95926642417907715, 0.41795235872268677, 0.022125981748104095, 0.97919255495071411, -0.20172359049320221, -0.054547850042581558, 0.98007071018218994, 0.018598318099975586, 0.19777721166610718, -0.26299130916595459, 0, 0, 0, 1 ] } } } } ]
[ { "armCommand": { "armCartesianGoal": { "id": { "id": 1, "name": "r_arm" }, "goalPose": { "data": [ 0.19630789756774902, -0.20666591823101044, -0.95851576328277588, 0.41787314414978027, 0.021319791674613953, 0.97820484638214111, -0.20654472708702087, -0.054430656135082245, 0.98031055927276611, 0.020111031830310822, 0.19643545150756836, -0.262972354888916, 0, 0, 0, 1 ] } } } } ]
[ { "armCommand": { "armCartesianGoal": { "id": { "id": 1, "name": "r_arm" }, "goalPose": { "data": [ 0.19785642623901367, -0.20695915818214417, -0.9581342339515686, 0.41781789064407349, 0.022404812276363373, 0.97815680503845215, -0.20665749907493591, -0.054368853569030762, 0.979975163936615, 0.01942174881696701, 0.19817149639129639, -0.26288998126983643, 0, 0, 0, 1 ] } } } } ]
[ { "armCommand": { "armCartesianGoal": { "id": { "id": 1, "name": "r_arm" }, "goalPose": { "data": [ 0.19826990365982056, -0.20554706454277039, -0.95835262537002563, 0.41781240701675415, 0.023290105164051056, 0.97847545146942139, -0.20504465699195862, -0.054383434355258942, 0.97987085580825806, 0.018334090709686279, 0.19878947734832764, -0.26291060447692871, 0, 0, 0, 1 ] } } } } ]
[ { "armCommand": { "armCartesianGoal": { "id": { "id": 1, "name": "r_arm" }, "goalPose": { "data": [ 0.19773018360137939, -0.20547911524772644, -0.95847862958908081, 0.41779088973999023, 0.025295734405517578, 0.97852736711502075, -0.20455878973007202, -0.054305613040924072, 0.97993010282516479, 0.016202040016651154, 0.19868212938308716, -0.26292276382446289, 0, 0, 0, 1 ] } } } } ]
[ { "armCommand": { "armCartesianGoal": { "id": { "id": 1, "name": "r_arm" }, "goalPose": { "data": [ 0.19710123538970947, -0.20555093884468079, -0.95859289169311523, 0.41776740550994873, 0.027568645775318146, 0.97854894399642944, -0.20416161417961121, -0.054220918565988541, 0.979995608329773, 0.01381344348192215, 0.19853991270065308, -0.26292657852172852, 0, 0, 0, 1 ] } } } } ]
[ { "armCommand": { "armCartesianGoal": { "id": { "id": 1, "name": "r_arm" }, "goalPose": { "data": [ 0.19678622484207153, -0.20547905564308167, -0.95867305994033813, 0.41775447130203247, 0.030159220099449158, 0.97859805822372437, -0.203559011220932, -0.054101672023534775, 0.97998267412185669, 0.011144839227199554, 0.19877171516418457, -0.26293373107910156, 0, 0, 0, 1 ] } } } } ]
[ { "armCommand": { "armCartesianGoal": { "id": { "id": 1, "name": "r_arm" }, "goalPose": { "data": [ 0.19699609279632568, -0.20560365915298462, -0.95860320329666138, 0.4177854061126709, 0.032496519386768341, 0.9785950779914856, -0.20321345329284668, -0.05398361012339592, 0.97986572980880737, 0.0088810324668884277, 0.19946080446243286, -0.26291513442993164, 0, 0, 0, 1 ] } } } } ]
[ { "armCommand": { "armCartesianGoal": { "id": { "id": 1, "name": "r_arm" }, "goalPose": { "data": [ 0.19774961471557617, -0.206412672996521, -0.95827400684356689, 0.41783002018928528, 0.034741446375846863, 0.97844022512435913, -0.20358726382255554, -0.053919792175292969, 0.9796367883682251, 0.006967492401599884, 0.20065724849700928, -0.26289069652557373, 0, 0, 0, 1 ] } } } } ]
[ { "armCommand": { "armCartesianGoal": { "id": { "id": 1, "name": "r_arm" }, "goalPose": { "data": [ 0.19956457614898682, -0.20704886317253113, -0.95776045322418213, 0.41790470480918884, 0.036204054951667786, 0.978312075138092, -0.20394806563854218, -0.053925827145576477, 0.97921586036682129, 0.00602605938911438, 0.20273244380950928, -0.26289308071136475, 0, 0, 0, 1 ] } } } } ]
[ { "armCommand": { "armCartesianGoal": { "id": { "id": 1, "name": "r_arm" }, "goalPose": { "data": [ 0.20078480243682861, -0.20657208561897278, -0.95760822296142578, 0.4180179238319397, 0.03514561802148819, 0.97840458154678345, -0.20368912816047668, -0.054005809128284454, 0.97900474071502686, 0.007241956889629364, 0.20370882749557495, -0.26288771629333496, 0, 0, 0, 1 ] } } } } ]
[ { "armCommand": { "armCartesianGoal": { "id": { "id": 1, "name": "r_arm" }, "goalPose": { "data": [ 0.2024223804473877, -0.20481115579605103, -0.95764189958572388, 0.41818130016326904, 0.032322324812412262, 0.97875005006790161, -0.20249345898628235, -0.05415140837430954, 0.97876495122909546, 0.01003604382276535, 0.20474088191986084, -0.26283836364746094, 0, 0, 0, 1 ] } } } } ]
[ { "armCommand": { "armCartesianGoal": { "id": { "id": 1, "name": "r_arm" }, "goalPose": { "data": [ 0.20662462711334229, -0.20208975672721863, -0.957322359085083, 0.4184928834438324, 0.028435759246349335, 0.97926372289657593, -0.20058411359786987, -0.0543876588344574, 0.97800707817077637, 0.014223441481590271, 0.20808655023574829, -0.26272404193878174, 0, 0, 0, 1 ] } } } } ]
[ { "armCommand": { "armCartesianGoal": { "id": { "id": 1, "name": "r_arm" }, "goalPose": { "data": [ 0.20913118124008179, -0.20020419359207153, -0.95717442035675049, 0.4187062680721283, 0.023020893335342407, 0.97955489158630371, -0.19985559582710266, -0.054620690643787384, 0.97761678695678711, 0.019761078059673309, 0.20946437120437622, -0.26259279251098633, 0, 0, 0, 1 ] } } } } ]
[ { "armCommand": { "armCartesianGoal": { "id": { "id": 1, "name": "r_arm" }, "goalPose": { "data": [ 0.211897075176239, -0.20051500201225281, -0.9565008282661438, 0.418893426656723, 0.01658659428358078, 0.97932237386703491, -0.20162475109100342, -0.054803945124149323, 0.97715145349502563, 0.026858657598495483, 0.21084141731262207, -0.26242327690124512, 0, 0, 0, 1 ] } } } } ]
[ { "armCommand": { "armCartesianGoal": { "id": { "id": 1, "name": "r_arm" }, "goalPose": { "data": [ 0.21544015407562256, -0.20296621322631836, -0.95519137382507324, 0.41903001070022583, 0.011118419468402863, 0.97860777378082275, -0.20543423295021057, -0.054970104247331619, 0.97645390033721924, 0.033638589084148407, 0.21308803558349609, -0.26226627826690674, 0, 0, 0, 1 ] } } } } ]
[ { "armCommand": { "armCartesianGoal": { "id": { "id": 1, "name": "r_arm" }, "goalPose": { "data": [ 0.21919810771942139, -0.20641110837459564, -0.95359694957733154, 0.41920727491378784, 0.0065324008464813232, 0.97765445709228516, -0.21011698246002197, -0.055120177567005157, 0.97565877437591553, 0.039828017354011536, 0.215648353099823, -0.26213812828063965, 0, 0, 0, 1 ] } } } } ]
[ { "armCommand": { "armCartesianGoal": { "id": { "id": 1, "name": "r_arm" }, "goalPose": { "data": [ 0.2243010401725769, -0.20964100956916809, -0.95170378684997559, 0.4194769561290741, 0.0035173222422599792, 0.976754903793335, -0.21433033049106598, -0.055283308029174805, 0.97451376914978027, 0.044727101922035217, 0.21982449293136597, -0.26203048229217529, 0, 0, 0, 1 ] } } } } ]
[ { "armCommand": { "armCartesianGoal": { "id": { "id": 1, "name": "r_arm" }, "goalPose": { "data": [ 0.22971606254577637, -0.21243947744369507, -0.94978958368301392, 0.41975024342536926, 0.0021396204829216003, 0.97599482536315918, -0.2177833616733551, -0.05544295534491539, 0.973255455493927, 0.047996170818805695, 0.22465622425079346, -0.26194500923156738, 0, 0, 0, 1 ] } } } } ]
[ { "armCommand": { "armCartesianGoal": { "id": { "id": 1, "name": "r_arm" }, "goalPose": { "data": [ 0.23761743307113647, -0.21584537625312805, -0.94707381725311279, 0.42019248008728027, 0.0024981722235679626, 0.97513145208358765, -0.22161313891410828, -0.055652886629104614, 0.971355676651001, 0.050293199717998505, 0.23224747180938721, -0.2618335485458374, 0, 0, 0, 1 ] } } } } ]
[ { "armCommand": { "armCartesianGoal": { "id": { "id": 1, "name": "r_arm" }, "goalPose": { "data": [ 0.2450529932975769, -0.21745812892913818, -0.94480752944946289, 0.42064875364303589, 0.000909164547920227, 0.974571943283081, -0.22407296299934387, -0.05591220036149025, 0.96950936317443848, 0.05405079573392868, 0.23901945352554321, -0.26169037818908691, 0, 0, 0, 1 ] } } } } ]
[ { "armCommand": { "armCartesianGoal": { "id": { "id": 1, "name": "r_arm" }, "goalPose": { "data": [ 0.25227171182632446, -0.21896982192993164, -0.942555844783783, 0.42115476727485657, -0.0021281465888023376, 0.97393232583999634, -0.22682869434356689, -0.056259248405694962, 0.967654287815094, 0.059228390455245972, 0.24522960186004639, -0.26150619983673096, 0, 0, 0, 1 ] } } } } ]
[ { "armCommand": { "armCartesianGoal": { "id": { "id": 1, "name": "r_arm" }, "goalPose": { "data": [ 0.25915646553039551, -0.2173229455947876, -0.94106787443161011, 0.42172732949256897, -0.00872349739074707, 0.97378993034362793, -0.22728186845779419, -0.056802120059728622, 0.96579605340957642, 0.067110985517501831, 0.25046813488006592, -0.26117455959320068, 0, 0, 0, 1 ] } } } } ]
[ { "armCommand": { "armCartesianGoal": { "id": { "id": 1, "name": "r_arm" }, "goalPose": { "data": [ 0.26430416107177734, -0.21401268243789673, -0.94039463996887207, 0.42226284742355347, -0.018174163997173309, 0.97379022836685181, -0.22672078013420105, -0.057386178523302078, 0.96426820755004883, 0.077014148235321045, 0.25348728895187378, -0.26072847843170166, 0, 0, 0, 1 ] } } } } ]
[ { "armCommand": { "armCartesianGoal": { "id": { "id": 1, "name": "r_arm" }, "goalPose": { "data": [ 0.26991724967956543, -0.2103123664855957, -0.93963479995727539, 0.42269614338874817, -0.029501430690288544, 0.97359055280685425, -0.22638702392578125, -0.05805337056517601, 0.96243155002593994, 0.088826335966587067, 0.25658434629440308, -0.26022624969482422, 0, 0, 0, 1 ] } } } } ]
[ { "armCommand": { "armCartesianGoal": { "id": { "id": 1, "name": "r_arm" }, "goalPose": { "data": [ 0.27520179748535156, -0.20888903737068176, -0.9384186863899231, 0.42306500673294067, -0.042786680161952972, 0.97248119115829468, -0.22901897132396698, -0.058641392737627029, 0.96043401956558228, 0.10317827761173248, 0.25869089365005493, -0.25967264175415039, 0, 0, 0, 1 ] } } } } ]
[ { "armCommand": { "armCartesianGoal": { "id": { "id": 1, "name": "r_arm" }, "goalPose": { "data": [ 0.281391978263855, -0.21143664419651031, -0.93600916862487793, 0.42339131236076355, -0.057770714163780212, 0.96992111206054688, -0.23646466434001923, -0.058933690190315247, 0.95785236358642578, 0.12061317265033722, 0.26071316003799438, -0.25913619995117188, 0, 0, 0, 1 ] } } } } ]
[ { "armCommand": { "armCartesianGoal": { "id": { "id": 1, "name": "r_arm" }, "goalPose": { "data": [ 0.28690648078918457, -0.22067028284072876, -0.93219608068466187, 0.42367681860923767, -0.070899732410907745, 0.96554648876190186, -0.25038620829582214, -0.059070903807878494, 0.95533138513565063, 0.13792988657951355, 0.26137608289718628, -0.25836730003356934, 0, 0, 0, 1 ] } } } } ]
[ { "armCommand": { "armCartesianGoal": { "id": { "id": 1, "name": "r_arm" }, "goalPose": { "data": [ 0.28903043270111084, -0.22396153211593628, -0.93075394630432129, 0.42399862408638, -0.073318183422088623, 0.96421527862548828, -0.25478094816207886, -0.059398617595434189, 0.95450830459594727, 0.14188066124916077, 0.26226711273193359, -0.25742053985595703, 0, 0, 0, 1 ] } } } } ]
[ { "armCommand": { "armCartesianGoal": { "id": { "id": 1, "name": "r_arm" }, "goalPose": { "data": [ 0.28762543201446533, -0.222040593624115, -0.93164896965026855, 0.42442741990089417, -0.068374253809452057, 0.9655119776725769, -0.2512202262878418, -0.059812556952238083, 0.95529937744140625, 0.13595813512802124, 0.26252394914627075, -0.25623536109924316, 0, 0, 0, 1 ] } } } } ]
[ { "armCommand": { "armCartesianGoal": { "id": { "id": 1, "name": "r_arm" }, "goalPose": { "data": [ 0.28511291742324829, -0.21780920028686523, -0.933418333530426, 0.42494457960128784, -0.058796070516109467, 0.96803027391433716, -0.24384501576423645, -0.060262549668550491, 0.95668894052505493, 0.12440469115972519, 0.2631915807723999, -0.25488638877868652, 0, 0, 0, 1 ] } } } } ]
[ { "armCommand": { "armCartesianGoal": { "id": { "id": 1, "name": "r_arm" }, "goalPose": { "data": [ 0.2828870415687561, -0.21274319291114807, -0.935262143611908, 0.42547890543937683, -0.048100851476192474, 0.9707179069519043, -0.23535728454589844, -0.060745257884263992, 0.95794636011123657, 0.11156643182039261, 0.2643703818321228, -0.25333166122436523, 0, 0, 0, 1 ] } } } } ]
[ { "armCommand": { "armCartesianGoal": { "id": { "id": 1, "name": "r_arm" }, "goalPose": { "data": [ 0.27692341804504395, -0.20720575749874115, -0.93828541040420532, 0.4260297417640686, -0.037794530391693115, 0.973368763923645, -0.22610802948474884, -0.061219122260808945, 0.96014863252639771, 0.098076686263084412, 0.26171731948852539, -0.2512061595916748, 0, 0, 0, 1 ] } } } } ]
[ { "armCommand": { "armCartesianGoal": { "id": { "id": 1, "name": "r_arm" }, "goalPose": { "data": [ 0.27093046903610229, -0.203933984041214, -0.94074851274490356, 0.426531046628952, -0.033649884164333344, 0.974696695804596, -0.22098422050476074, -0.061632279306650162, 0.96201068162918091, 0.091527454555034637, 0.25721263885498047, -0.24919438362121582, 0, 0, 0, 1 ] } } } } ]
[ { "armCommand": { "armCartesianGoal": { "id": { "id": 1, "name": "r_arm" }, "goalPose": { "data": [ 0.260592520236969, -0.20256459712982178, -0.94395941495895386, 0.42694783210754395, -0.031690217554569244, 0.97541975975036621, -0.21806424856185913, -0.061921540647745132, 0.96492880582809448, 0.086740218102931976, 0.24776774644851685, -0.24636232852935791, 0, 0, 0, 1 ] } } } } ]
[ { "armCommand": { "armCartesianGoal": { "id": { "id": 1, "name": "r_arm" }, "goalPose": { "data": [ 0.25343567132949829, -0.20402811467647552, -0.945591390132904, 0.42729005217552185, -0.031787648797035217, 0.9752202033996582, -0.21894076466560364, -0.062100045382976532, 0.96682995557785034, 0.085545547306537628, 0.24067002534866333, -0.24358701705932617, 0, 0, 0, 1 ] } } } } ]
[ { "armCommand": { "armCartesianGoal": { "id": { "id": 1, "name": "r_arm" }, "goalPose": { "data": [ 0.24835526943206787, -0.20811921358108521, -0.94604760408401489, 0.42761310935020447, -0.032907374203205109, 0.97427046298980713, -0.22296671569347382, -0.062124241143465042, 0.96810990571975708, 0.0865069180727005, 0.23511654138565063, -0.24064946174621582, 0, 0, 0, 1 ] } } } } ]
[ { "armCommand": { "armCartesianGoal": { "id": { "id": 1, "name": "r_arm" }, "goalPose": { "data": [ 0.24516218900680542, -0.211993008852005, -0.94602054357528687, 0.42794835567474365, -0.034713104367256165, 0.9732545018196106, -0.22709184885025024, -0.062053728848695755, 0.96886056661605835, 0.088513650000095367, 0.2312462329864502, -0.23757219314575195, 0, 0, 0, 1 ] } } } } ]
[ { "armCommand": { "armCartesianGoal": { "id": { "id": 1, "name": "r_arm" }, "goalPose": { "data": [ 0.24457687139511108, -0.21490263938903809, -0.9455152153968811, 0.42831748723983765, -0.037280678749084473, 0.97232484817504883, -0.2306395024061203, -0.061901811510324478, 0.96891289949417114, 0.091658517718315125, 0.22979646921157837, -0.23415565490722656, 0, 0, 0, 1 ] } } } } ]
[ { "armCommand": { "armCartesianGoal": { "id": { "id": 1, "name": "r_arm" }, "goalPose": { "data": [ 0.24377769231796265, -0.21716529130935669, -0.94520479440689087, 0.42872825264930725, -0.038925625383853912, 0.97163110971450806, -0.23327621817588806, -0.0618508979678154, 0.969049870967865, 0.093660257756710052, 0.22840869426727295, -0.23106896877288818, 0, 0, 0, 1 ] } } } } ]
[ { "armCommand": { "armCartesianGoal": { "id": { "id": 1, "name": "r_arm" }, "goalPose": { "data": [ 0.24381613731384277, -0.21982955932617188, -0.94457858800888062, 0.42919650673866272, -0.040676899254322052, 0.970796525478363, -0.23643079400062561, -0.061681408435106277, 0.96896809339523315, 0.096068181097507477, 0.22775387763977051, -0.22747790813446045, 0, 0, 0, 1 ] } } } } ]
[ { "armCommand": { "armCartesianGoal": { "id": { "id": 1, "name": "r_arm" }, "goalPose": { "data": [ 0.24111568927764893, -0.22104772925376892, -0.944987416267395, 0.42970600724220276, -0.041198194026947021, 0.97050642967224121, -0.23752886056900024, -0.061579905450344086, 0.96962153911590576, 0.096203692257404327, 0.224897563457489, -0.22392439842224121, 0, 0, 0, 1 ] } } } } ]
[ { "armCommand": { "armCartesianGoal": { "id": { "id": 1, "name": "r_arm" }, "goalPose": { "data": [ 0.23540997505187988, -0.2219948023557663, -0.94620323181152344, 0.43023088574409485, -0.04088146984577179, 0.97044062614440918, -0.23785237967967987, -0.061471812427043915, 0.97103607654571533, 0.094675019383430481, 0.21937590837478638, -0.22011137008666992, 0, 0, 0, 1 ] } } } } ]
[ { "armCommand": { "armCartesianGoal": { "id": { "id": 1, "name": "r_arm" }, "goalPose": { "data": [ 0.22654598951339722, -0.22346088290214539, -0.94802021980285645, 0.43072608113288879, -0.040085159242153168, 0.97036242485046387, -0.23830634355545044, -0.061368685215711594, 0.97317540645599365, 0.091988921165466309, 0.21087425947189331, -0.21609973907470703, 0, 0, 0, 1 ] } } } } ]
[ { "armCommand": { "armCartesianGoal": { "id": { "id": 1, "name": "r_arm" }, "goalPose": { "data": [ 0.21437889337539673, -0.22555866837501526, -0.95035010576248169, 0.43120366334915161, -0.038970880210399628, 0.97022098302841187, -0.23906596004962921, -0.061261739581823349, 0.97597295045852661, 0.088286712765693665, 0.199204683303833, -0.21174860000610352, 0, 0, 0, 1 ] } } } } ]
[ { "armCommand": { "armCartesianGoal": { "id": { "id": 1, "name": "r_arm" }, "goalPose": { "data": [ 0.20364916324615479, -0.22714516520500183, -0.95232999324798584, 0.43169552087783813, -0.037657536566257477, 0.97017693519592285, -0.23945479094982147, -0.061175063252449036, 0.97831964492797852, 0.0846271961927414, 0.1890220046043396, -0.20752501487731934, 0, 0, 0, 1 ] } } } } ]
[ { "armCommand": { "armCartesianGoal": { "id": { "id": 1, "name": "r_arm" }, "goalPose": { "data": [ 0.19388127326965332, -0.22852128744125366, -0.95403802394866943, 0.43220609426498413, -0.03513103723526001, 0.9702497124671936, -0.23954397439956665, -0.061089936643838882, 0.980396032333374, 0.079959489405155182, 0.18008506298065186, -0.20326495170593262, 0, 0, 0, 1 ] } } } } ]
[ { "armCommand": { "armCartesianGoal": { "id": { "id": 1, "name": "r_arm" }, "goalPose": { "data": [ 0.18613380193710327, -0.22952020168304443, -0.95534020662307739, 0.43273699283599854, -0.032100200653076172, 0.97039252519607544, -0.23939080536365509, -0.061004459857940674, 0.98200005292892456, 0.075225368142127991, 0.17325520515441895, -0.19908785820007324, 0, 0, 0, 1 ] } } } } ]
[ { "armCommand": { "armCartesianGoal": { "id": { "id": 1, "name": "r_arm" }, "goalPose": { "data": [ 0.18149751424789429, -0.23021915555000305, -0.95606386661529541, 0.4333050549030304, -0.029255211353302002, 0.9705163836479187, -0.23925313353538513, -0.060890134423971176, 0.98295629024505615, 0.071393735706806183, 0.16941118240356445, -0.19498968124389648, 0, 0, 0, 1 ] } } } } ]
[ { "armCommand": { "armCartesianGoal": { "id": { "id": 1, "name": "r_arm" }, "goalPose": { "data": [ 0.18068599700927734, -0.23110613226890564, -0.95600360631942749, 0.43393751978874207, -0.027190804481506348, 0.97045648097991943, -0.23973914980888367, -0.0607101172208786, 0.98316508531570435, 0.069312058389186859, 0.16906392574310303, -0.19094538688659668, 0, 0, 0, 1 ] } } } } ]
[ { "armCommand": { "armCartesianGoal": { "id": { "id": 1, "name": "r_arm" }, "goalPose": { "data": [ 0.17901211977005005, -0.23222474753856659, -0.95604735612869263, 0.43455258011817932, -0.025266900658607483, 0.97033828496932983, -0.24042710661888123, -0.060547996312379837, 0.98352247476577759, 0.067195750772953033, 0.16783475875854492, -0.18696928024291992, 0, 0, 0, 1 ] } } } } ]
[ { "armCommand": { "armCartesianGoal": { "id": { "id": 1, "name": "r_arm" }, "goalPose": { "data": [ 0.17767196893692017, -0.23301796615123749, -0.95610451698303223, 0.43523767590522766, -0.023785099387168884, 0.97026139497756958, -0.24088826775550842, -0.0603250227868557, 0.98380255699157715, 0.065540194511413574, 0.16684591770172119, -0.18283939361572266, 0, 0, 0, 1 ] } } } } ]
[ { "armCommand": { "armCartesianGoal": { "id": { "id": 1, "name": "r_arm" }, "goalPose": { "data": [ 0.17139095067977905, -0.23575173318386078, -0.95658057928085327, 0.43583014607429504, -0.025070175528526306, 0.9695894718170166, -0.24344965815544128, -0.060011465102434158, 0.98488408327102661, 0.065706707537174225, 0.16026848554611206, -0.17842674255371094, 0, 0, 0, 1 ] } } } } ]
[ { "armCommand": { "armCartesianGoal": { "id": { "id": 1, "name": "r_arm" }, "goalPose": { "data": [ 0.16263937950134277, -0.24039746820926666, -0.95695227384567261, 0.43638408184051514, -0.027819648385047913, 0.96836256980896, -0.24799199402332306, -0.059656329452991486, 0.986293375492096, 0.066955342888832092, 0.15080606937408447, -0.17404484748840332, 0, 0, 0, 1 ] } } } } ]
[ { "armCommand": { "armCartesianGoal": { "id": { "id": 1, "name": "r_arm" }, "goalPose": { "data": [ 0.15174514055252075, -0.24736379086971283, -0.95696640014648438, 0.436862587928772, -0.031942471861839294, 0.9664452075958252, -0.25487905740737915, -0.059206545352935791, 0.98790347576141357, 0.069244541227817535, 0.13875192403793335, -0.16956853866577148, 0, 0, 0, 1 ] } } } } ]
[ { "armCommand": { "armCartesianGoal": { "id": { "id": 1, "name": "r_arm" }, "goalPose": { "data": [ 0.14319062232971191, -0.25257390737533569, -0.95692378282547, 0.43733465671539307, -0.034027554094791412, 0.965059220790863, -0.25981301069259644, -0.058810945600271225, 0.98911017179489136, 0.069764606654644012, 0.12959295511245728, -0.16520261764526367, 0, 0, 0, 1 ] } } } } ]
[ { "armCommand": { "armCartesianGoal": { "id": { "id": 1, "name": "r_arm" }, "goalPose": { "data": [ 0.13557517528533936, -0.25676977634429932, -0.95691627264022827, 0.43784582614898682, -0.0342947319149971, 0.96403872966766357, -0.26353982090950012, -0.058364879339933395, 0.99017339944839478, 0.068546660244464874, 0.12189388275146484, -0.16086101531982422, 0, 0, 0, 1 ] } } } } ]
[ { "armCommand": { "armCartesianGoal": { "id": { "id": 1, "name": "r_arm" }, "goalPose": { "data": [ 0.13021868467330933, -0.25802209973335266, -0.95732325315475464, 0.43841502070426941, -0.03062111884355545, 0.96403735876083374, -0.26399689912796021, -0.05795852467417717, 0.99101239442825317, 0.063691660761833191, 0.11763477325439453, -0.15661191940307617, 0, 0, 0, 1 ] } } } } ]
[ { "armCommand": { "armCartesianGoal": { "id": { "id": 1, "name": "r_arm" }, "goalPose": { "data": [ 0.12385439872741699, -0.25877520442008972, -0.95796436071395874, 0.438970148563385, -0.027003668248653412, 0.96416091918945313, -0.26394042372703552, -0.057584613561630249, 0.99193304777145386, 0.058558769524097443, 0.11242771148681641, -0.15246224403381348, 0, 0, 0, 1 ] } } } } ]
[ { "armCommand": { "armCartesianGoal": { "id": { "id": 1, "name": "r_arm" }, "goalPose": { "data": [ 0.11555963754653931, -0.26009941101074219, -0.95864206552505493, 0.43955472111701965, -0.022266179323196411, 0.96418678760528564, -0.26428794860839844, -0.057208612561225891, 0.99305111169815063, 0.051886357367038727, 0.10562962293624878, -0.14838981628417969, 0, 0, 0, 1 ] } } } } ]
[ { "armCommand": { "armCartesianGoal": { "id": { "id": 1, "name": "r_arm" }, "goalPose": { "data": [ 0.10972857475280762, -0.26056161522865295, -0.9592013955116272, 0.44016128778457642, -0.01700272411108017, 0.96439534425735474, -0.26391756534576416, -0.056815624237060547, 0.99381619691848755, 0.045268349349498749, 0.1013914942741394, -0.14444136619567871, 0, 0, 0, 1 ] } } } } ]
[ { "armCommand": { "armCartesianGoal": { "id": { "id": 1, "name": "r_arm" }, "goalPose": { "data": [ 0.1045297384262085, -0.25956624746322632, -0.96005147695541382, 0.44085213541984558, -0.01154327392578125, 0.96495819091796875, -0.26214969158172607, -0.056390557438135147, 0.99445468187332153, 0.038484558463096619, 0.0978705883026123, -0.14053726196289063, 0, 0, 0, 1 ] } } } } ]
[ { "armCommand": { "armCartesianGoal": { "id": { "id": 1, "name": "r_arm" }, "goalPose": { "data": [ 0.10067558288574219, -0.2585565447807312, -0.96073567867279053, 0.44153088331222534, -0.0054427832365036011, 0.96548420190811157, -0.26040482521057129, -0.0559021420776844, 0.99490451812744141, 0.031445503234863281, 0.095793426036834717, -0.1366572380065918, 0, 0, 0, 1 ] } } } } ]
[ { "armCommand": { "armCartesianGoal": { "id": { "id": 1, "name": "r_arm" }, "goalPose": { "data": [ 0.0936967134475708, -0.26081657409667969, -0.9608309268951416, 0.442121297121048, -0.0025387555360794067, 0.96501058340072632, -0.26219874620437622, -0.055325083434581757, 0.9955977201461792, 0.027006529271602631, 0.089756190776824951, -0.13263463973999023, 0, 0, 0, 1 ] } } } } ]
[ { "armCommand": { "armCartesianGoal": { "id": { "id": 1, "name": "r_arm" }, "goalPose": { "data": [ 0.085406243801116943, -0.264619380235672, -0.96056371927261353, 0.44266751408576965, -0.0023953616619110107, 0.96402883529663086, -0.26578697562217712, -0.054691262543201447, 0.99634343385696411, 0.025000803172588348, 0.08170020580291748, -0.12855935096740723, 0, 0, 0, 1 ] } } } } ]
[ { "armCommand": { "armCartesianGoal": { "id": { "id": 1, "name": "r_arm" }, "goalPose": { "data": [ 0.0769585371017456, -0.26932704448699951, -0.95996904373168945, 0.44314756989479065, -0.003765791654586792, 0.96273899078369141, -0.2704060971736908, -0.054039746522903442, 0.99702727794647217, 0.024425111711025238, 0.073076725006103516, -0.12451696395874023, 0, 0, 0, 1 ] } } } } ]
[ { "armCommand": { "armCartesianGoal": { "id": { "id": 1, "name": "r_arm" }, "goalPose": { "data": [ 0.070086121559143066, -0.2723991870880127, -0.95962858200073242, 0.44366064667701721, -0.004099041223526001, 0.96190720796585083, -0.273345410823822, -0.053469773381948471, 0.99753272533416748, 0.023091331124305725, 0.066299736499786377, -0.12048649787902832, 0, 0, 0, 1 ] } } } } ]
[ { "armCommand": { "armCartesianGoal": { "id": { "id": 1, "name": "r_arm" }, "goalPose": { "data": [ 0.06442183256149292, -0.27440565824508667, -0.959453821182251, 0.44415098428726196, -0.0063553005456924438, 0.96131855249404907, -0.27536571025848389, -0.05290638655424118, 0.99790263175964355, 0.023837223649024963, 0.06018596887588501, -0.1165473461151123, 0, 0, 0, 1 ] } } } } ]
[ { "armCommand": { "armCartesianGoal": { "id": { "id": 1, "name": "r_arm" }, "goalPose": { "data": [ 0.058915674686431885, -0.275254487991333, -0.95956456661224365, 0.44464400410652161, -0.0063281804323196411, 0.961111843585968, -0.27608686685562134, -0.052396483719348907, 0.998242974281311, 0.022338166832923889, 0.054882645606994629, -0.112640380859375, 0, 0, 0, 1 ] } } } } ]
[ { "armCommand": { "armCartesianGoal": { "id": { "id": 1, "name": "r_arm" }, "goalPose": { "data": [ 0.052866697311401367, -0.27554473280906677, -0.95983350276947021, 0.44513702392578125, -0.0043001174926757813, 0.9611058235168457, -0.27614685893058777, -0.051901165395975113, 0.99859237670898438, 0.0187264084815979, 0.049625635147094727, -0.10875272750854492, 0, 0, 0, 1 ] } } } } ]
[ { "armCommand": { "armCartesianGoal": { "id": { "id": 1, "name": "r_arm" }, "goalPose": { "data": [ 0.046543896198272705, -0.27500063180923462, -0.96031689643859863, 0.44559678435325623, -0.0014436393976211548, 0.96133911609649658, -0.27536338567733765, -0.051386702805757523, 0.99891531467437744, 0.014202877879142761, 0.044347465038299561, -0.10486412048339844, 0, 0, 0, 1 ] } } } } ]
[ { "armCommand": { "armCartesianGoal": { "id": { "id": 1, "name": "r_arm" }, "goalPose": { "data": [ 0.038677334785461426, -0.2743571400642395, -0.96084988117218018, 0.44604972004890442, 0.002373233437538147, 0.96159178018569946, -0.27447348833084106, -0.050864655524492264, 0.99924910068511963, 0.00833563506603241, 0.037842929363250732, -0.10096263885498047, 0, 0, 0, 1 ] } } } } ]
[ { "armCommand": { "armCartesianGoal": { "id": { "id": 1, "name": "r_arm" }, "goalPose": { "data": [ 0.029373228549957275, -0.27355393767356873, -0.96140819787979126, 0.44645929336547852, 0.0066831409931182861, 0.96185535192489624, -0.27347701787948608, -0.050305869430303574, 0.9995463490486145, 0.0016077160835266113, 0.030080974102020264, -0.096996784210205078, 0, 0, 0, 1 ] } } } } ]
[ { "armCommand": { "armCartesianGoal": { "id": { "id": 1, "name": "r_arm" }, "goalPose": { "data": [ 0.020199835300445557, -0.27381345629692078, -0.9615708589553833, 0.44677960872650146, 0.00989505648612976, 0.96177458763122559, -0.27366364002227783, -0.049682069569826126, 0.99974715709686279, -0.0039867758750915527, 0.022137105464935303, -0.09297943115234375, 0, 0, 0, 1 ] } } } } ]
[ { "armCommand": { "armCartesianGoal": { "id": { "id": 1, "name": "r_arm" }, "goalPose": { "data": [ 0.012009203433990479, -0.27665609121322632, -0.96089416742324829, 0.44703131914138794, 0.011419892311096191, 0.96093851327896118, -0.27652621269226074, -0.049006279557943344, 0.99986284971237183, -0.0076523721218109131, 0.014699459075927734, -0.088947296142578125, 0, 0, 0, 1 ] } } } } ]
[ { "armCommand": { "armCartesianGoal": { "id": { "id": 1, "name": "r_arm" }, "goalPose": { "data": [ 0.0050362944602966309, -0.27872544527053833, -0.96035778522491455, 0.4472963809967041, 0.011866256594657898, 0.96031886339187622, -0.27865195274353027, -0.048399973660707474, 0.99991703033447266, -0.0099924206733703613, 0.0081439018249511719, -0.084894180297851563, 0, 0, 0, 1 ] } } } } ]
[ { "armCommand": { "armCartesianGoal": { "id": { "id": 1, "name": "r_arm" }, "goalPose": { "data": [ -0.0014230012893676758, -0.2800261378288269, -0.95999133586883545, 0.44754180312156677, 0.011614114046096802, 0.9599229097366333, -0.28002339601516724, -0.047857180237770081, 0.99993157386779785, -0.011547893285751343, 0.0018863081932067871, -0.080766677856445313, 0, 0, 0, 1 ] } } } } ]
[ { "armCommand": { "armCartesianGoal": { "id": { "id": 1, "name": "r_arm" }, "goalPose": { "data": [ -0.0078741312026977539, -0.281535267829895, -0.95951861143112183, 0.44772800803184509, 0.010182797908782959, 0.95947599411010742, -0.28160631656646729, -0.047360159456729889, 0.999917209148407, -0.011987969279289246, -0.004688262939453125, -0.076595067977905273, 0, 0, 0, 1 ] } } } } ]
[ { "armCommand": { "armCartesianGoal": { "id": { "id": 1, "name": "r_arm" }, "goalPose": { "data": [ -0.014463663101196289, -0.28336852788925171, -0.95890223979949951, 0.44796144962310791, 0.009939923882484436, 0.95891422033309937, -0.28352206945419312, -0.046841185539960861, 0.99984622001647949, -0.013632148504257202, -0.011052727699279785, -0.072428226470947266, 0, 0, 0, 1 ] } } } } ]
[ { "armCommand": { "armCartesianGoal": { "id": { "id": 1, "name": "r_arm" }, "goalPose": { "data": [ -0.020779252052307129, -0.28422403335571289, -0.95853286981582642, 0.4482094943523407, 0.010579928755760193, 0.95862352848052979, -0.28448033332824707, -0.046302452683448792, 0.999728262424469, -0.016052469611167908, -0.016912460327148438, -0.0682685375213623, 0, 0, 0, 1 ] } } } } ]
[ { "armCommand": { "armCartesianGoal": { "id": { "id": 1, "name": "r_arm" }, "goalPose": { "data": [ -0.026051878929138184, -0.28447222709655762, -0.95833045244216919, 0.44841533899307251, 0.012488141655921936, 0.95848822593688965, -0.2848585844039917, -0.045738078653812408, 0.999582827091217, -0.019388839602470398, -0.021417975425720215, -0.063989639282226563, 0, 0, 0, 1 ] } } } } ]
[ { "armCommand": { "armCartesianGoal": { "id": { "id": 1, "name": "r_arm" }, "goalPose": { "data": [ -0.032143712043762207, -0.28613635897636414, -0.95764970779418945, 0.44860085844993591, 0.013298839330673218, 0.957937479019165, -0.28666874766349792, -0.045114174485206604, 0.99939489364624023, -0.021950185298919678, -0.026986479759216309, -0.059623241424560547, 0, 0, 0, 1 ] } } } } ]
[ { "armCommand": { "armCartesianGoal": { "id": { "id": 1, "name": "r_arm" }, "goalPose": { "data": [ -0.038915872573852539, -0.28940698504447937, -0.95641493797302246, 0.44871726632118225, 0.012113243341445923, 0.95693284273147583, -0.29005664587020874, -0.044486269354820251, 0.99916923046112061, -0.022873058915138245, -0.03373420238494873, -0.055108070373535156, 0, 0, 0, 1 ] } } } } ]
[ { "armCommand": { "armCartesianGoal": { "id": { "id": 1, "name": "r_arm" }, "goalPose": { "data": [ -0.045545339584350586, -0.29242667555809021, -0.95520281791687012, 0.44875317811965942, 0.0095556080341339111, 0.95602375268936157, -0.29313364624977112, -0.043917093425989151, 0.9989166259765625, -0.022478371858596802, -0.040748119354248047, -0.050486564636230469, 0, 0, 0, 1 ] } } } } ]
