[ { "armCommand": { "armCartesianGoal": { "id": { "id": 2, "name": "l_arm" }, "goalPose": { "data": [ 0.088976621627807617, 0.20248234272003174, -0.975235641002655, 0.3957197368144989, 0.15259048342704773, 0.96478980779647827, 0.21423538029193878, 0.12513929605484009, 0.98427623510360718, -0.16787363588809967, 0.054946839809417725, -0.22100949287414551, 0, 0, 0, 1 ] } } } } ]
[ { "armCommand": { "armCartesianGoal": { "id": { "id": 2, "name": "l_arm" }, "goalPose": { "data": [ 0.0889623761177063, 0.20247435569763184, -0.975238561630249, 0.39571300148963928, 0.15254500508308411, 0.96479982137680054, 0.21422255039215088, 0.1251421719789505, 0.98428463935852051, -0.16782552003860474, 0.054944396018981934, -0.22101151943206787, 0, 0, 0, 1 ] } } } } ]
[ { "armCommand": { "armCartesianGoal": { "id": { "id": 2, "name": "l_arm" }, "goalPose": { "data": [ 0.088925361633300781, 0.20245617628097534, -0.97524559497833252, 0.39570483565330505, 0.15242502093315125, 0.96482568979263306, 0.21419160068035126, 0.12514187395572662, 0.9843064546585083, -0.167698934674263, 0.054938077926635742, -0.22101426124572754, 0, 0, 0, 1 ] } } } } ]
[ { "armCommand": { "armCartesianGoal": { "id": { "id": 2, "name": "l_arm" }, "goalPose": { "data": [ 0.088845670223236084, 0.20246568322181702, -0.9752509593963623, 0.39569061994552612, 0.15222257375717163, 0.96486103534698486, 0.21417628228664398, 0.12513609230518341, 0.9843449592590332, -0.167483851313591, 0.054903924465179443, -0.22101449966430664, 0, 0, 0, 1 ] } } } } ]
[ { "armCommand": { "armCartesianGoal": { "id": { "id": 2, "name": "l_arm" }, "goalPose": { "data": [ 0.088807821273803711, 0.20247748494148254, -0.97525203227996826, 0.39569175243377686, 0.15211048722267151, 0.96487891674041748, 0.21417534351348877, 0.12513191998004913, 0.98436582088470459, -0.16736650466918945, 0.054889798164367676, -0.22101914882659912, 0, 0, 0, 1 ] } } } } ]
[ { "armCommand": { "armCartesianGoal": { "id": { "id": 2, "name": "l_arm" }, "goalPose": { "data": [ 0.088768303394317627, 0.20254138112068176, -0.97524243593215942, 0.39569464325904846, 0.15199616551399231, 0.96488577127456665, 0.21422556042671204, 0.12512508034706116, 0.9843870997428894, -0.16724956035614014, 0.054865777492523193, -0.22102880477905273, 0, 0, 0, 1 ] } } } } ]
[ { "armCommand": { "armCartesianGoal": { "id": { "id": 2, "name": "l_arm" }, "goalPose": { "data": [ 0.088764429092407227, 0.20260383188724518, -0.97522974014282227, 0.39569413661956787, 0.15193785727024078, 0.96488213539123535, 0.21428342163562775, 0.12512052059173584, 0.98439633846282959, -0.16719506680965424, 0.054864048957824707, -0.22103238105773926, 0, 0, 0, 1 ] } } } } ]
[ { "armCommand": { "armCartesianGoal": { "id": { "id": 2, "name": "l_arm" }, "goalPose": { "data": [ 0.088782310485839844, 0.20270282030105591, -0.9752076268196106, 0.39569565653800964, 0.15188473463058472, 0.96486872434616089, 0.21438145637512207, 0.1251155287027359, 0.98440307378768921, -0.16715246438980103, 0.054875791072845459, -0.22103345394134521, 0, 0, 0, 1 ] } } } } ]
[ { "armCommand": { "armCartesianGoal": { "id": { "id": 2, "name": "l_arm" }, "goalPose": { "data": [ 0.088823974132537842, 0.20279319584369659, -0.9751848578453064, 0.39568942785263062, 0.15188892185688019, 0.96484661102294922, 0.21447807550430298, 0.12511354684829712, 0.98439842462539673, -0.16717058420181274, 0.054899454116821289, -0.22103309631347656, 0, 0, 0, 1 ] } } } } ]
[ { "armCommand": { "armCartesianGoal": { "id": { "id": 2, "name": "l_arm" }, "goalPose": { "data": [ 0.088930308818817139, 0.20285734534263611, -0.97516191005706787, 0.39568889141082764, 0.15197479724884033, 0.96481388807296753, 0.21456420421600342, 0.12511211633682251, 0.9843757152557373, -0.16728127002716064, 0.054971992969512939, -0.22104394435882568, 0, 0, 0, 1 ] } } } } ]
[ { "armCommand": { "armCartesianGoal": { "id": { "id": 2, "name": "l_arm" }, "goalPose": { "data": [ 0.088991045951843262, 0.20282545685768127, -0.97516298294067383, 0.39569362998008728, 0.1519741415977478, 0.96481877565383911, 0.21454282104969025, 0.12511470913887024, 0.984370231628418, -0.16729195415973663, 0.055036008358001709, -0.22105193138122559, 0, 0, 0, 1 ] } } } } ]
[ { "armCommand": { "armCartesianGoal": { "id": { "id": 2, "name": "l_arm" }, "goalPose": { "data": [ 0.088998854160308838, 0.2026548832654953, -0.97519779205322266, 0.39569872617721558, 0.1518779844045639, 0.96487230062484741, 0.2143700122833252, 0.12512116134166718, 0.98438453674316406, -0.16718977689743042, 0.055093705654144287, -0.22105503082275391, 0, 0, 0, 1 ] } } } } ]
[ { "armCommand": { "armCartesianGoal": { "id": { "id": 2, "name": "l_arm" }, "goalPose": { "data": [ 0.089007139205932617, 0.20255640149116516, -0.975217342376709, 0.39569929242134094, 0.15183776617050171, 0.96490049362182617, 0.214271679520607, 0.12512248754501343, 0.9843897819519043, -0.16714654862880707, 0.055127322673797607, -0.22105574607849121, 0, 0, 0, 1 ] } } } } ]
[ { "armCommand": { "armCartesianGoal": { "id": { "id": 2, "name": "l_arm" }, "goalPose": { "data": [ 0.089054107666015625, 0.20253065228462219, -0.97521853446960449, 0.39569491147994995, 0.15182915329933167, 0.964905858039856, 0.21425364911556244, 0.12512248754501343, 0.98438704013824463, -0.16714678704738617, 0.05517876148223877, -0.22105789184570313, 0, 0, 0, 1 ] } } } } ]
[ { "armCommand": { "armCartesianGoal": { "id": { "id": 2, "name": "l_arm" }, "goalPose": { "data": [ 0.089185714721679688, 0.20268569886684418, -0.97517424821853638, 0.39569881558418274, 0.15184904634952545, 0.96486347913742065, 0.21443027257919312, 0.12512689828872681, 0.98437196016311646, -0.1672033965587616, 0.055274426937103271, -0.22107601165771484, 0, 0, 0, 1 ] } } } } ]
[ { "armCommand": { "armCartesianGoal": { "id": { "id": 2, "name": "l_arm" }, "goalPose": { "data": [ 0.0892518162727356, 0.20283283293247223, -0.97513753175735474, 0.39570194482803345, 0.15178336203098297, 0.96483981609344482, 0.21458326280117035, 0.1251281350851059, 0.98437601327896118, -0.16716159880161285, 0.055327057838439941, -0.2210848331451416, 0, 0, 0, 1 ] } } } } ]
[ { "armCommand": { "armCartesianGoal": { "id": { "id": 2, "name": "l_arm" }, "goalPose": { "data": [ 0.08926844596862793, 0.20295023918151855, -0.97511160373687744, 0.39571148157119751, 0.15153869986534119, 0.96485483646392822, 0.21468845009803772, 0.12513384222984314, 0.98441219329833984, -0.16693207621574402, 0.055376291275024414, -0.22109889984130859, 0, 0, 0, 1 ] } } } } ]
[ { "armCommand": { "armCartesianGoal": { "id": { "id": 2, "name": "l_arm" }, "goalPose": { "data": [ 0.089289009571075439, 0.20299524068832397, -0.97510021924972534, 0.39571991562843323, 0.15129721164703369, 0.96488511562347412, 0.21472282707691193, 0.12513865530490875, 0.9844474196434021, -0.16670231521129608, 0.055441021919250488, -0.22110962867736816, 0, 0, 0, 1 ] } } } } ]
[ { "armCommand": { "armCartesianGoal": { "id": { "id": 2, "name": "l_arm" }, "goalPose": { "data": [ 0.089366257190704346, 0.20295751094818115, -0.975101113319397, 0.39572721719741821, 0.15094929933547974, 0.964949369430542, 0.21467882394790649, 0.12514585256576538, 0.98449385166168213, -0.16637587547302246, 0.055597603321075439, -0.22111940383911133, 0, 0, 0, 1 ] } } } } ]
[ { "armCommand": { "armCartesianGoal": { "id": { "id": 2, "name": "l_arm" }, "goalPose": { "data": [ 0.089414060115814209, 0.20286004245281219, -0.97511714696884155, 0.39573198556900024, 0.15078626573085785, 0.9649965763092041, 0.21458114683628082, 0.12515456974506378, 0.98451465368270874, -0.16622082889080048, 0.055695772171020508, -0.22112369537353516, 0, 0, 0, 1 ] } } } } ]
[ { "armCommand": { "armCartesianGoal": { "id": { "id": 2, "name": "l_arm" }, "goalPose": { "data": [ 0.089412808418273926, 0.20271454751491547, -0.97514736652374268, 0.39573386311531067, 0.15068842470645905, 0.965045154094696, 0.21443140506744385, 0.12517093122005463, 0.98452961444854736, -0.16611632704734802, 0.055740654468536377, -0.22112321853637695, 0, 0, 0, 1 ] } } } } ]
[ { "armCommand": { "armCartesianGoal": { "id": { "id": 2, "name": "l_arm" }, "goalPose": { "data": [ 0.089333951473236084, 0.20250453054904938, -0.97519826889038086, 0.3957332968711853, 0.15075056254863739, 0.9650837779045105, 0.21421392261981964, 0.12519542872905731, 0.9845273494720459, -0.16614829003810883, 0.0556870698928833, -0.221116304397583, 0, 0, 0, 1 ] } } } } ]
[ { "armCommand": { "armCartesianGoal": { "id": { "id": 2, "name": "l_arm" }, "goalPose": { "data": [ 0.089086771011352539, 0.20192980766296387, -0.97534006834030151, 0.39573076367378235, 0.15112146735191345, 0.96515631675720215, 0.21362479031085968, 0.12524890899658203, 0.984492838382721, -0.16642598807811737, 0.055466711521148682, -0.22109150886535645, 0, 0, 0, 1 ] } } } } ]
[ { "armCommand": { "armCartesianGoal": { "id": { "id": 2, "name": "l_arm" }, "goalPose": { "data": [ 0.088719725608825684, 0.20115812122821808, -0.97553294897079468, 0.39573797583580017, 0.15176911652088165, 0.96522897481918335, 0.21283608675003052, 0.12533196806907654, 0.98442631959915161, -0.16693854331970215, 0.055105268955230713, -0.22106027603149414, 0, 0, 0, 1 ] } } } } ]
[ { "armCommand": { "armCartesianGoal": { "id": { "id": 2, "name": "l_arm" }, "goalPose": { "data": [ 0.088611900806427, 0.20066125690937042, -0.97564506530761719, 0.39574748277664185, 0.15251241624355316, 0.96521490812301636, 0.21236792206764221, 0.1254059225320816, 0.9843212366104126, -0.16761630773544312, 0.054926156997680664, -0.22103333473205566, 0, 0, 0, 1 ] } } } } ]
[ { "armCommand": { "armCartesianGoal": { "id": { "id": 2, "name": "l_arm" }, "goalPose": { "data": [ 0.08870929479598999, 0.20014870166778564, -0.975741446018219, 0.39576756954193115, 0.15344694256782532, 0.96516317129135132, 0.21192947030067444, 0.12548817694187164, 0.98416715860366821, -0.16852468252182007, 0.054906725883483887, -0.22100591659545898, 0, 0, 0, 1 ] } } } } ]
[ { "armCommand": { "armCartesianGoal": { "id": { "id": 2, "name": "l_arm" }, "goalPose": { "data": [ 0.089317262172698975, 0.19988234341144562, -0.97574073076248169, 0.39579910039901733, 0.15428219735622406, 0.96505492925643921, 0.21181608736515045, 0.12555165588855743, 0.9839816689491272, -0.16945825517177582, 0.055357754230499268, -0.2209932804107666, 0, 0, 0, 1 ] } } } } ]
[ { "armCommand": { "armCartesianGoal": { "id": { "id": 2, "name": "l_arm" }, "goalPose": { "data": [ 0.09003746509552002, 0.20037923753261566, -0.97557258605957031, 0.39583590626716614, 0.15442587435245514, 0.96489512920379639, 0.21243847906589508, 0.12556640803813934, 0.98389351367950439, -0.16978107392787933, 0.055932998657226563, -0.22099876403808594, 0, 0, 0, 1 ] } } } } ]
[ { "armCommand": { "armCartesianGoal": { "id": { "id": 2, "name": "l_arm" }, "goalPose": { "data": [ 0.090836942195892334, 0.20075453817844391, -0.97542130947113037, 0.39586949348449707, 0.15439359843730927, 0.96478873491287231, 0.21294434368610382, 0.12558560073375702, 0.98382508754730225, -0.16994203627109528, 0.056643247604370117, -0.22100162506103516, 0, 0, 0, 1 ] } } } } ]
[ { "armCommand": { "armCartesianGoal": { "id": { "id": 2, "name": "l_arm" }, "goalPose": { "data": [ 0.092366814613342285, 0.20198151469230652, -0.97502416372299194, 0.39595529437065125, 0.15415707230567932, 0.96450287103652954, 0.21440576016902924, 0.12560877203941345, 0.98371964693069458, -0.17011086642742157, 0.057951152324676514, -0.22099900245666504, 0, 0, 0, 1 ] } } } } ]
[ { "armCommand": { "armCartesianGoal": { "id": { "id": 2, "name": "l_arm" }, "goalPose": { "data": [ 0.0939989686012268, 0.20321148633956909, -0.97461241483688354, 0.39604321122169495, 0.15378168225288391, 0.96423405408859253, 0.215879425406456, 0.1256403923034668, 0.9836236834526062, -0.17016999423503876, 0.059386789798736572, -0.22098207473754883, 0, 0, 0, 1 ] } } } } ]
[ { "armCommand": { "armCartesianGoal": { "id": { "id": 2, "name": "l_arm" }, "goalPose": { "data": [ 0.09531092643737793, 0.20346508920192719, -0.97443228960037231, 0.39612442255020142, 0.15420185029506683, 0.96405446529388428, 0.2163810133934021, 0.12569727003574371, 0.98343175649642944, -0.17088273167610168, 0.060510218143463135, -0.22095954418182373, 0, 0, 0, 1 ] } } } } ]
[ { "armCommand": { "armCartesianGoal": { "id": { "id": 2, "name": "l_arm" }, "goalPose": { "data": [ 0.096495389938354492, 0.20320887863636017, -0.97436904907226563, 0.39618867635726929, 0.15533404052257538, 0.96386796236038208, 0.21640218794345856, 0.12578968703746796, 0.98313796520233154, -0.17223449051380157, 0.0614435076713562, -0.22092056274414063, 0, 0, 0, 1 ] } } } } ]
[ { "armCommand": { "armCartesianGoal": { "id": { "id": 2, "name": "l_arm" }, "goalPose": { "data": [ 0.098306536674499512, 0.20314295589923859, -0.97420191764831543, 0.39628973603248596, 0.15718816220760345, 0.96348464488983154, 0.21677011251449585, 0.12592001259326935, 0.98266386985778809, -0.17444294691085815, 0.062785148620605469, -0.22086334228515625, 0, 0, 0, 1 ] } } } } ]
[ { "armCommand": { "armCartesianGoal": { "id": { "id": 2, "name": "l_arm" }, "goalPose": { "data": [ 0.10146951675415039, 0.20301705598831177, -0.9739038348197937, 0.39641299843788147, 0.16064274311065674, 0.96276533603668213, 0.21743239462375641, 0.12609879672527313, 0.98178333044052124, -0.17851336300373077, 0.065078139305114746, -0.22080683708190918, 0, 0, 0, 1 ] } } } } ]
[ { "armCommand": { "armCartesianGoal": { "id": { "id": 2, "name": "l_arm" }, "goalPose": { "data": [ 0.10345619916915894, 0.20375621318817139, -0.97354024648666382, 0.39647156000137329, 0.16225364804267883, 0.96222376823425293, 0.21863020956516266, 0.12617038190364838, 0.98131078481674194, -0.18057911098003387, 0.06648784875869751, -0.22076964378356934, 0, 0, 0, 1 ] } } } } ]
[ { "armCommand": { "armCartesianGoal": { "id": { "id": 2, "name": "l_arm" }, "goalPose": { "data": [ 0.10530769824981689, 0.20492012798786163, -0.97309726476669312, 0.39652350544929504, 0.16357351839542389, 0.96164005994796753, 0.22020922601222992, 0.12619881331920624, 0.98089462518692017, -0.18236266076564789, 0.067748606204986572, -0.22072935104370117, 0, 0, 0, 1 ] } } } } ]
[ { "armCommand": { "armCartesianGoal": { "id": { "id": 2, "name": "l_arm" }, "goalPose": { "data": [ 0.10706073045730591, 0.20602519810199738, -0.97267258167266846, 0.39657106995582581, 0.16447509825229645, 0.96114653348922729, 0.2216874361038208, 0.12620359659194946, 0.98055410385131836, -0.18371444940567017, 0.0690150260925293, -0.22069859504699707, 0, 0, 0, 1 ] } } } } ]
[ { "armCommand": { "armCartesianGoal": { "id": { "id": 2, "name": "l_arm" }, "goalPose": { "data": [ 0.10873883962631226, 0.20696531236171722, -0.97228670120239258, 0.3966575562953949, 0.16473336517810822, 0.9608110785484314, 0.22294610738754272, 0.1262127012014389, 0.98032593727111816, -0.184410959482193, 0.070383429527282715, -0.22067546844482422, 0, 0, 0, 1 ] } } } } ]
[ { "armCommand": { "armCartesianGoal": { "id": { "id": 2, "name": "l_arm" }, "goalPose": { "data": [ 0.11049073934555054, 0.207614466547966, -0.97195082902908325, 0.39678597450256348, 0.16471530497074127, 0.96058946847915649, 0.22391243278980255, 0.12623071670532227, 0.98013323545455933, -0.18483544886112213, 0.071938991546630859, -0.22065949440002441, 0, 0, 0, 1 ] } } } } ]
[ { "armCommand": { "armCartesianGoal": { "id": { "id": 2, "name": "l_arm" }, "goalPose": { "data": [ 0.11140251159667969, 0.207053542137146, -0.9719664454460144, 0.39690065383911133, 0.16521447896957397, 0.96058464050292969, 0.22356519103050232, 0.12630806863307953, 0.979945957660675, -0.18548867106437683, 0.0728033185005188, -0.22060751914978027, 0, 0, 0, 1 ] } } } } ]
[ { "armCommand": { "armCartesianGoal": { "id": { "id": 2, "name": "l_arm" }, "goalPose": { "data": [ 0.11028784513473511, 0.20585110783576965, -0.97234898805618286, 0.39698177576065063, 0.16562026739120483, 0.960831880569458, 0.22219835221767426, 0.12641298770904541, 0.98000365495681763, -0.18554650247097015, 0.07187497615814209, -0.22052717208862305, 0, 0, 0, 1 ] } } } } ]
[ { "armCommand": { "armCartesianGoal": { "id": { "id": 2, "name": "l_arm" }, "goalPose": { "data": [ 0.10949081182479858, 0.20490792393684387, -0.97263807058334351, 0.3970293402671814, 0.166732519865036, 0.96087026596069336, 0.22119808197021484, 0.12651689350605011, 0.97990423440933228, -0.18638956546783447, 0.071041643619537354, -0.22042059898376465, 0, 0, 0, 1 ] } } } } ]
[ { "armCommand": { "armCartesianGoal": { "id": { "id": 2, "name": "l_arm" }, "goalPose": { "data": [ 0.11007553339004517, 0.20466223359107971, -0.972623884677887, 0.39708748459815979, 0.16892248392105103, 0.96048152446746826, 0.22122490406036377, 0.12665121257305145, 0.97946363687515259, -0.1886495053768158, 0.071153461933135986, -0.22025871276855469, 0, 0, 0, 1 ] } } } } ]
[ { "armCommand": { "armCartesianGoal": { "id": { "id": 2, "name": "l_arm" }, "goalPose": { "data": [ 0.11142146587371826, 0.2055031806230545, -0.97229307889938354, 0.3971332311630249, 0.17179141938686371, 0.95967257022857666, 0.22252245247364044, 0.12678253650665283, 0.978812038898468, -0.19182537496089935, 0.071624398231506348, -0.22008943557739258, 0, 0, 0, 1 ] } } } } ]
[ { "armCommand": { "armCartesianGoal": { "id": { "id": 2, "name": "l_arm" }, "goalPose": { "data": [ 0.11280661821365356, 0.20626701414585114, -0.97197151184082031, 0.39714115858078003, 0.17414326965808868, 0.95897024869918823, 0.22371894121170044, 0.12683969736099243, 0.97823762893676758, -0.19449925422668457, 0.072258174419403076, -0.21998584270477295, 0, 0, 0, 1 ] } } } } ]
[ { "armCommand": { "armCartesianGoal": { "id": { "id": 2, "name": "l_arm" }, "goalPose": { "data": [ 0.11414289474487305, 0.20673580467700958, -0.97171610593795776, 0.39715340733528137, 0.17624245584011078, 0.958380401134491, 0.22460106015205383, 0.12686078250408173, 0.97770673036575317, -0.19689425826072693, 0.072956681251525879, -0.21991086006164551, 0, 0, 0, 1 ] } } } } ]
[ { "armCommand": { "armCartesianGoal": { "id": { "id": 2, "name": "l_arm" }, "goalPose": { "data": [ 0.11622512340545654, 0.20679077506065369, -0.97145748138427734, 0.3971886932849884, 0.17769989371299744, 0.95797508955001831, 0.22518090903759003, 0.12683454155921936, 0.97719740867614746, -0.19879959523677826, 0.074594080448150635, -0.21985423564910889, 0, 0, 0, 1 ] } } } } ]
[ { "armCommand": { "armCartesianGoal": { "id": { "id": 2, "name": "l_arm" }, "goalPose": { "data": [ 0.11792474985122681, 0.20665135979652405, -0.97128230333328247, 0.39725503325462341, 0.17849168181419373, 0.95776546001434326, 0.22544646263122559, 0.12683051824569702, 0.976849377155304, -0.19995152950286865, 0.076058685779571533, -0.21979570388793945, 0, 0, 0, 1 ] } } } } ]
[ { "armCommand": { "armCartesianGoal": { "id": { "id": 2, "name": "l_arm" }, "goalPose": { "data": [ 0.12045115232467651, 0.20661540329456329, -0.97097980976104736, 0.39736241102218628, 0.17802102863788605, 0.95774996280670166, 0.22588397562503815, 0.12678210437297821, 0.976626992225647, -0.2000628262758255, 0.078580200672149658, -0.21976590156555176, 0, 0, 0, 1 ] } } } } ]
[ { "armCommand": { "armCartesianGoal": { "id": { "id": 2, "name": "l_arm" }, "goalPose": { "data": [ 0.12247765064239502, 0.20652268826961517, -0.97074598073959351, 0.3975088894367218, 0.17720110714435577, 0.95784276723861694, 0.22613483667373657, 0.12674020230770111, 0.97652405500411987, -0.19971373677253723, 0.0807182788848877, -0.21970248222351074, 0, 0, 0, 1 ] } } } } ]
[ { "armCommand": { "armCartesianGoal": { "id": { "id": 2, "name": "l_arm" }, "goalPose": { "data": [ 0.12399506568908691, 0.20652329921722412, -0.97055333852767944, 0.39762154221534729, 0.17744797468185425, 0.957719624042511, 0.22646275162696838, 0.12673789262771606, 0.97628778219223022, -0.20030298829078674, 0.082105338573455811, -0.21963310241699219, 0, 0, 0, 1 ] } } } } ]
[ { "armCommand": { "armCartesianGoal": { "id": { "id": 2, "name": "l_arm" }, "goalPose": { "data": [ 0.12598168849945068, 0.20668034255504608, -0.97026395797729492, 0.39781039953231812, 0.17635495960712433, 0.95781177282333374, 0.22692631185054779, 0.12673082947731018, 0.97623145580291748, -0.19969941675662994, 0.0842176079750061, -0.21951937675476074, 0, 0, 0, 1 ] } } } } ]
[ { "armCommand": { "armCartesianGoal": { "id": { "id": 2, "name": "l_arm" }, "goalPose": { "data": [ 0.12934792041778564, 0.20664004981517792, -0.96982961893081665, 0.39800509810447693, 0.17590530216693878, 0.9577518105506897, 0.22752755880355835, 0.12675534188747406, 0.97587233781814575, -0.20002838969230652, 0.087534129619598389, -0.21939313411712646, 0, 0, 0, 1 ] } } } } ]
[ { "armCommand": { "armCartesianGoal": { "id": { "id": 2, "name": "l_arm" }, "goalPose": { "data": [ 0.13240605592727661, 0.20561608672142029, -0.969634473323822, 0.39820912480354309, 0.17646238207817078, 0.95772993564605713, 0.22718815505504608, 0.12682709097862244, 0.97536152601242065, -0.20118512213230133, 0.09052574634552002, -0.21923959255218506, 0, 0, 0, 1 ] } } } } ]
[ { "armCommand": { "armCartesianGoal": { "id": { "id": 2, "name": "l_arm" }, "goalPose": { "data": [ 0.13544273376464844, 0.20492830872535706, -0.9693608283996582, 0.39841338992118835, 0.17801088094711304, 0.95742225646972656, 0.22727693617343903, 0.12691177427768707, 0.9746631383895874, -0.20333980023860931, 0.093196392059326172, -0.21904873847961426, 0, 0, 0, 1 ] } } } } ]
[ { "armCommand": { "armCartesianGoal": { "id": { "id": 2, "name": "l_arm" }, "goalPose": { "data": [ 0.13846784830093384, 0.20499005913734436, -0.96892005205154419, 0.39860802888870239, 0.18093982338905334, 0.95664131641387939, 0.22825038433074951, 0.12696428596973419, 0.9736979603767395, -0.20692157745361328, 0.095373213291168213, -0.21881532669067383, 0, 0, 0, 1 ] } } } } ]
[ { "armCommand": { "armCartesianGoal": { "id": { "id": 2, "name": "l_arm" }, "goalPose": { "data": [ 0.14131343364715576, 0.20588655769824982, -0.96831905841827393, 0.39879360795021057, 0.18337850272655487, 0.95576262474060059, 0.22997857630252838, 0.12701204419136047, 0.97283267974853516, -0.21006797254085541, 0.097306966781616211, -0.21853089332580566, 0, 0, 0, 1 ] } } } } ]
[ { "armCommand": { "armCartesianGoal": { "id": { "id": 2, "name": "l_arm" }, "goalPose": { "data": [ 0.144057035446167, 0.20663918554782867, -0.967754065990448, 0.39897242188453674, 0.18398080766201019, 0.955311119556427, 0.23136919736862183, 0.12704706192016602, 0.9723162055015564, -0.21137857437133789, 0.099601686000823975, -0.21824431419372559, 0, 0, 0, 1 ] } } } } ]
[ { "armCommand": { "armCartesianGoal": { "id": { "id": 2, "name": "l_arm" }, "goalPose": { "data": [ 0.14612019062042236, 0.20579497516155243, -0.96762460470199585, 0.3991883397102356, 0.18189047276973724, 0.95585864782333374, 0.23075973987579346, 0.12706270813941956, 0.97240155935287476, -0.20972034335136414, 0.10223811864852905, -0.21772086620330811, 0, 0, 0, 1 ] } } } } ]
[ { "armCommand": { "armCartesianGoal": { "id": { "id": 2, "name": "l_arm" }, "goalPose": { "data": [ 0.14769452810287476, 0.20413753390312195, -0.96773678064346313, 0.39940840005874634, 0.17817124724388123, 0.95696777105331421, 0.22905820608139038, 0.127041757106781, 0.97285228967666626, -0.2062535285949707, 0.10496747493743896, -0.21698713302612305, 0, 0, 0, 1 ] } } } } ]
[ { "armCommand": { "armCartesianGoal": { "id": { "id": 2, "name": "l_arm" }, "goalPose": { "data": [ 0.1493755578994751, 0.20361886918544769, -0.967587947845459, 0.39961060881614685, 0.17527912557125092, 0.95761603116989136, 0.22857989370822906, 0.12699875235557556, 0.973120927810669, -0.20374225080013275, 0.10735434293746948, -0.21628427505493164, 0, 0, 0, 1 ] } } } } ]
[ { "armCommand": { "armCartesianGoal": { "id": { "id": 2, "name": "l_arm" }, "goalPose": { "data": [ 0.14869934320449829, 0.20481131970882416, -0.96744048595428467, 0.39977598190307617, 0.17060436308383942, 0.95833426713943481, 0.2291061133146286, 0.12683680653572083, 0.97405493259429932, -0.19911752641201019, 0.10756194591522217, -0.2150949239730835, 0, 0, 0, 1 ] } } } } ]
[ { "armCommand": { "armCartesianGoal": { "id": { "id": 2, "name": "l_arm" }, "goalPose": { "data": [ 0.14668917655944824, 0.20778959989547729, -0.96711218357086182, 0.39991673827171326, 0.16560092568397522, 0.95873141288757324, 0.23110693693161011, 0.12668710947036743, 0.97522246837615967, -0.19405555725097656, 0.10622537136077881, -0.213789701461792, 0, 0, 0, 1 ] } } } } ]
[ { "armCommand": { "armCartesianGoal": { "id": { "id": 2, "name": "l_arm" }, "goalPose": { "data": [ 0.14477801322937012, 0.21217449009418488, -0.96644788980484009, 0.40002140402793884, 0.15999610722064972, 0.95886462926864624, 0.23447780311107635, 0.12651608884334564, 0.97644287347793579, -0.1885751336812973, 0.10487544536590576, -0.2122650146484375, 0, 0, 0, 1 ] } } } } ]
[ { "armCommand": { "armCartesianGoal": { "id": { "id": 2, "name": "l_arm" }, "goalPose": { "data": [ 0.14175158739089966, 0.21559782326221466, -0.96613895893096924, 0.40003868937492371, 0.15439476072788239, 0.95923441648483276, 0.23670989274978638, 0.12633059918880463, 0.97778785228729248, -0.18272081017494202, 0.10268580913543701, -0.2103348970413208, 0, 0, 0, 1 ] } } } } ]
[ { "armCommand": { "armCartesianGoal": { "id": { "id": 2, "name": "l_arm" }, "goalPose": { "data": [ 0.1397516131401062, 0.21860286593437195, -0.9657549262046814, 0.40006884932518005, 0.14994218945503235, 0.959406852722168, 0.2388637363910675, 0.12616772949695587, 0.97876816987991333, -0.17818900942802429, 0.10130083560943604, -0.20838034152984619, 0, 0, 0, 1 ] } } } } ]
[ { "armCommand": { "armCartesianGoal": { "id": { "id": 2, "name": "l_arm" }, "goalPose": { "data": [ 0.13813912868499756, 0.22167593240737915, -0.96528631448745728, 0.40012744069099426, 0.14630976319313049, 0.95936930179595947, 0.24125510454177856, 0.12601695954799652, 0.97954648733139038, -0.17455759644508362, 0.10009312629699707, -0.20644235610961914, 0, 0, 0, 1 ] } } } } ]
[ { "armCommand": { "armCartesianGoal": { "id": { "id": 2, "name": "l_arm" }, "goalPose": { "data": [ 0.135467529296875, 0.22368757426738739, -0.96520072221755981, 0.40016886591911316, 0.143724724650383, 0.95943999290466309, 0.24252450466156006, 0.12588989734649658, 0.98030191659927368, -0.17157739400863647, 0.097823500633239746, -0.20412182807922363, 0, 0, 0, 1 ] } } } } ]
[ { "armCommand": { "armCartesianGoal": { "id": { "id": 2, "name": "l_arm" }, "goalPose": { "data": [ 0.13270580768585205, 0.22542555630207062, -0.9651801586151123, 0.40023276209831238, 0.14063896238803864, 0.95965713262557983, 0.24347257614135742, 0.12580095231533051, 0.98112690448760986, -0.16805216670036316, 0.095648467540740967, -0.20161962509155273, 0, 0, 0, 1 ] } } } } ]
[ { "armCommand": { "armCartesianGoal": { "id": { "id": 2, "name": "l_arm" }, "goalPose": { "data": [ 0.13053816556930542, 0.22693653404712677, -0.96512174606323242, 0.40032869577407837, 0.13656996190547943, 0.96005553007125854, 0.24421721696853638, 0.12571120262145996, 0.981992244720459, -0.16368633508682251, 0.094331145286560059, -0.19876980781555176, 0, 0, 0, 1 ] } } } } ]
[ { "armCommand": { "armCartesianGoal": { "id": { "id": 2, "name": "l_arm" }, "goalPose": { "data": [ 0.12929761409759521, 0.22746951878070831, -0.96516305208206177, 0.40043261647224426, 0.13225604593753815, 0.9606812596321106, 0.24413086473941803, 0.12560057640075684, 0.982746422290802, -0.15921421349048615, 0.094129562377929688, -0.19603323936462402, 0, 0, 0, 1 ] } } } } ]
[ { "armCommand": { "armCartesianGoal": { "id": { "id": 2, "name": "l_arm" }, "goalPose": { "data": [ 0.12865471839904785, 0.22823205590248108, -0.96506917476654053, 0.40053009986877441, 0.1275252103805542, 0.9612690806388855, 0.24433401226997375, 0.12545789778232574, 0.983456015586853, -0.1545054018497467, 0.0945664644241333, -0.19315528869628906, 0, 0, 0, 1 ] } } } } ]
[ { "armCommand": { "armCartesianGoal": { "id": { "id": 2, "name": "l_arm" }, "goalPose": { "data": [ 0.12784183025360107, 0.22997111082077026, -0.96476423740386963, 0.400613009929657, 0.12345475703477859, 0.96149063110351563, 0.24554991722106934, 0.1252569854259491, 0.98408114910125732, -0.15049630403518677, 0.0945277214050293, -0.18990349769592285, 0, 0, 0, 1 ] } } } } ]
[ { "armCommand": { "armCartesianGoal": { "id": { "id": 2, "name": "l_arm" }, "goalPose": { "data": [ 0.12594789266586304, 0.23231056332588196, -0.96445280313491821, 0.40065529942512512, 0.1211475133895874, 0.96131604909896851, 0.24737571179866791, 0.12504489719867706, 0.98461192846298218, -0.14799751341342926, 0.092931866645812988, -0.18663835525512695, 0, 0, 0, 1 ] } } } } ]
[ { "armCommand": { "armCartesianGoal": { "id": { "id": 2, "name": "l_arm" }, "goalPose": { "data": [ 0.12313181161880493, 0.23563463985919952, -0.96400982141494751, 0.40066072344779968, 0.12065748870372772, 0.96064066886901855, 0.25022256374359131, 0.12480875849723816, 0.985028088092804, -0.14712536334991455, 0.08985435962677002, -0.18316459655761719, 0, 0, 0, 1 ] } } } } ]
[ { "armCommand": { "armCartesianGoal": { "id": { "id": 2, "name": "l_arm" }, "goalPose": { "data": [ 0.12075042724609375, 0.24177190661430359, -0.962790846824646, 0.40068641304969788, 0.12073668837547302, 0.9591098427772522, 0.25599011778831482, 0.12453528493642807, 0.98531341552734375, -0.14715510606765747, 0.086622178554534912, -0.17949700355529785, 0, 0, 0, 1 ] } } } } ]
[ { "armCommand": { "armCartesianGoal": { "id": { "id": 2, "name": "l_arm" }, "goalPose": { "data": [ 0.11734485626220703, 0.2484428733587265, -0.96151274442672729, 0.40065178275108337, 0.1215260773897171, 0.9573325514793396, 0.26219415664672852, 0.12425505369901657, 0.98562771081924438, -0.14761604368686676, 0.082145750522613525, -0.17563700675964355, 0, 0, 0, 1 ] } } } } ]
[ { "armCommand": { "armCartesianGoal": { "id": { "id": 2, "name": "l_arm" }, "goalPose": { "data": [ 0.11274993419647217, 0.25444871187210083, -0.9604913592338562, 0.40057921409606934, 0.1222241222858429, 0.95576238632202148, 0.26754364371299744, 0.12398633360862732, 0.986077606678009, -0.14756079018115997, 0.076662361621856689, -0.17163991928100586, 0, 0, 0, 1 ] } } } } ]
[ { "armCommand": { "armCartesianGoal": { "id": { "id": 2, "name": "l_arm" }, "goalPose": { "data": [ 0.10744714736938477, 0.26016026735305786, -0.95956861972808838, 0.40052011609077454, 0.12184235453605652, 0.95443505048751831, 0.27241170406341553, 0.12372070550918579, 0.986716628074646, -0.1461859792470932, 0.070852816104888916, -0.16754293441772461, 0, 0, 0, 1 ] } } } } ]
[ { "armCommand": { "armCartesianGoal": { "id": { "id": 2, "name": "l_arm" }, "goalPose": { "data": [ 0.1012500524520874, 0.26463955640792847, -0.95901751518249512, 0.40049168467521667, 0.1183367520570755, 0.95392382144927979, 0.27572762966156006, 0.1235116571187973, 0.98779809474945068, -0.14140447974205017, 0.065268278121948242, -0.16324782371520996, 0, 0, 0, 1 ] } } } } ]
[ { "armCommand": { "armCartesianGoal": { "id": { "id": 2, "name": "l_arm" }, "goalPose": { "data": [ 0.095810592174530029, 0.26734703779220581, -0.95882546901702881, 0.40050673484802246, 0.11235733330249786, 0.95419585704803467, 0.27728354930877686, 0.12335365265607834, 0.98903822898864746, -0.13429780304431915, 0.061383664608001709, -0.1591041088104248, 0, 0, 0, 1 ] } } } } ]
[ { "armCommand": { "armCartesianGoal": { "id": { "id": 2, "name": "l_arm" }, "goalPose": { "data": [ 0.090170204639434814, 0.26911792159080505, -0.95887702703475952, 0.40057843923568726, 0.10473621636629105, 0.95489770174026489, 0.27785024046897888, 0.12321595847606659, 0.990403950214386, -0.12548300623893738, 0.057916939258575439, -0.15492844581604004, 0, 0, 0, 1 ] } } } } ]
[ { "armCommand": { "armCartesianGoal": { "id": { "id": 2, "name": "l_arm" }, "goalPose": { "data": [ 0.084336340427398682, 0.26951813697814941, -0.95929545164108276, 0.40071812272071838, 0.096260711550712585, 0.95601856708526611, 0.27706030011177063, 0.12311901152133942, 0.99177700281143188, -0.11570874601602554, 0.054683089256286621, -0.15074920654296875, 0, 0, 0, 1 ] } } } } ]
[ { "armCommand": { "armCartesianGoal": { "id": { "id": 2, "name": "l_arm" }, "goalPose": { "data": [ 0.078489363193511963, 0.26780277490615845, -0.96027147769927979, 0.40094777941703796, 0.087316974997520447, 0.957694411277771, 0.27422109246253967, 0.12306082248687744, 0.99308371543884277, -0.10537145286798477, 0.051785111427307129, -0.14645838737487793, 0, 0, 0, 1 ] } } } } ]
[ { "armCommand": { "armCartesianGoal": { "id": { "id": 2, "name": "l_arm" }, "goalPose": { "data": [ 0.073356449604034424, 0.2673155665397644, -0.96081286668777466, 0.40113005042076111, 0.080408938229084015, 0.95868664979934692, 0.27286311984062195, 0.12295264005661011, 0.99405902624130249, -0.097274214029312134, 0.048831284046173096, -0.14230132102966309, 0, 0, 0, 1 ] } } } } ]
[ { "armCommand": { "armCartesianGoal": { "id": { "id": 2, "name": "l_arm" }, "goalPose": { "data": [ 0.069492578506469727, 0.26717439293861389, -0.961139440536499, 0.40135905146598816, 0.073782436549663544, 0.95945310592651367, 0.27204033732414246, 0.12281748652458191, 0.99485039710998535, -0.0898200273513794, 0.046962082386016846, -0.13806366920471191, 0, 0, 0, 1 ] } } } } ]
[ { "armCommand": { "armCartesianGoal": { "id": { "id": 2, "name": "l_arm" }, "goalPose": { "data": [ 0.0664604902267456, 0.26877003908157349, -0.96090894937515259, 0.40159007906913757, 0.06885211169719696, 0.95950710773468018, 0.27314010262489319, 0.12263105064630508, 0.99541085958480835, -0.084313660860061646, 0.045263886451721191, -0.13379025459289551, 0, 0, 0, 1 ] } } } } ]
[ { "armCommand": { "armCartesianGoal": { "id": { "id": 2, "name": "l_arm" }, "goalPose": { "data": [ 0.064166247844696045, 0.27148240804672241, -0.96030229330062866, 0.40178641676902771, 0.066909350454807281, 0.95894938707351685, 0.275570809841156, 0.12238822132349014, 0.9956938624382019, -0.081935599446296692, 0.043367445468902588, -0.12949800491333008, 0, 0, 0, 1 ] } } } } ]
[ { "armCommand": { "armCartesianGoal": { "id": { "id": 2, "name": "l_arm" }, "goalPose": { "data": [ 0.061483860015869141, 0.27476495504379272, -0.959543764591217, 0.40191683173179626, 0.069298528134822845, 0.95786738395690918, 0.27872538566589355, 0.12210450321435928, 0.99569958448410034, -0.083632118999958038, 0.0398525595664978, -0.12510347366333008, 0, 0, 0, 1 ] } } } } ]
[ { "armCommand": { "armCartesianGoal": { "id": { "id": 2, "name": "l_arm" }, "goalPose": { "data": [ 0.058601558208465576, 0.28329965472221375, -0.95723956823349, 0.40200403332710266, 0.075628280639648438, 0.95487171411514282, 0.28722885251045227, 0.12178634852170944, 0.99541276693344116, -0.089226476848125458, 0.034531474113464355, -0.12038803100585938, 0, 0, 0, 1 ] } } } } ]
[ { "armCommand": { "armCartesianGoal": { "id": { "id": 2, "name": "l_arm" }, "goalPose": { "data": [ 0.055057704448699951, 0.29278898239135742, -0.95459073781967163, 0.402065634727478, 0.0831238403916359, 0.9513779878616333, 0.2965979278087616, 0.12149238586425781, 0.99501723051071167, -0.095679260790348053, 0.028042972087860107, -0.11569833755493164, 0, 0, 0, 1 ] } } } } ]
[ { "armCommand": { "armCartesianGoal": { "id": { "id": 2, "name": "l_arm" }, "goalPose": { "data": [ 0.050721168518066406, 0.30019518733024597, -0.95252847671508789, 0.40210920572280884, 0.091181360185146332, 0.948380708694458, 0.30374336242675781, 0.12129925936460495, 0.99454188346862793, -0.1022590845823288, 0.020730733871459961, -0.11097097396850586, 0, 0, 0, 1 ] } } } } ]
[ { "armCommand": { "armCartesianGoal": { "id": { "id": 2, "name": "l_arm" }, "goalPose": { "data": [ 0.045623481273651123, 0.30539369583129883, -0.95113265514373779, 0.40218585729599, 0.096550658345222473, 0.94631838798522949, 0.30847924947738647, 0.1211928203701973, 0.99428200721740723, -0.1059064120054245, 0.013688385486602783, -0.10619568824768066, 0, 0, 0, 1 ] } } } } ]
[ { "armCommand": { "armCartesianGoal": { "id": { "id": 2, "name": "l_arm" }, "goalPose": { "data": [ 0.040465950965881348, 0.30924248695373535, -0.950122058391571, 0.40229460597038269, 0.098710730671882629, 0.94501179456710815, 0.31178343296051025, 0.12111780792474747, 0.99429327249526978, -0.10640390962362289, 0.0077152848243713379, -0.10146594047546387, 0, 0, 0, 1 ] } } } } ]
[ { "armCommand": { "armCartesianGoal": { "id": { "id": 2, "name": "l_arm" }, "goalPose": { "data": [ 0.033599674701690674, 0.30992406606674194, -0.95016765594482422, 0.40241631865501404, 0.096614435315132141, 0.9452444314956665, 0.31173479557037354, 0.12119482457637787, 0.99475479125976563, -0.10227414220571518, 0.0018167495727539063, -0.096590995788574219, 0, 0, 0, 1 ] } } } } ]
[ { "armCommand": { "armCartesianGoal": { "id": { "id": 2, "name": "l_arm" }, "goalPose": { "data": [ 0.026425182819366455, 0.31029313802719116, -0.95027381181716919, 0.4025304913520813, 0.092425219714641571, 0.94577538967132568, 0.31139451265335083, 0.12127737700939178, 0.99536913633346558, -0.0960579514503479, -0.0036866664886474609, -0.0917971134185791, 0, 0, 0, 1 ] } } } } ]
[ { "armCommand": { "armCartesianGoal": { "id": { "id": 2, "name": "l_arm" }, "goalPose": { "data": [ 0.018480658531188965, 0.31009906530380249, -0.95052468776702881, 0.40265491604804993, 0.087317712604999542, 0.94655400514602661, 0.31050139665603638, 0.12139452993869781, 0.996009111404419, -0.0887359231710434, -0.0095841884613037109, -0.086961269378662109, 0, 0, 0, 1 ] } } } } ]
[ { "armCommand": { "armCartesianGoal": { "id": { "id": 2, "name": "l_arm" }, "goalPose": { "data": [ 0.0097825527191162109, 0.30811202526092529, -0.95130002498626709, 0.40279901027679443, 0.081561796367168427, 0.94792956113815308, 0.30785921216011047, 0.12157343327999115, 0.9966205358505249, -0.080601446330547333, -0.01585698127746582, -0.082113265991210938, 0, 0, 0, 1 ] } } } } ]
[ { "armCommand": { "armCartesianGoal": { "id": { "id": 2, "name": "l_arm" }, "goalPose": { "data": [ 0.0026288032531738281, 0.3069395124912262, -0.95172548294067383, 0.40292060375213623, 0.078197866678237915, 0.94875121116638184, 0.30619633197784424, 0.12167609483003616, 0.99693453311920166, -0.07522786408662796, -0.021507978439331055, -0.077282905578613281, 0, 0, 0, 1 ] } } } } ]
[ { "armCommand": { "armCartesianGoal": { "id": { "id": 2, "name": "l_arm" }, "goalPose": { "data": [ -0.0033175945281982422, 0.3063521683216095, -0.951912522315979, 0.40302035212516785, 0.077011637389659882, 0.94916892051696777, 0.30520084500312805, 0.12173569202423096, 0.9970247745513916, -0.072295844554901123, -0.026741743087768555, -0.072473764419555664, 0, 0, 0, 1 ] } } } } ]
[ { "armCommand": { "armCartesianGoal": { "id": { "id": 2, "name": "l_arm" }, "goalPose": { "data": [ -0.0082708597183227539, 0.3081926703453064, -0.95128822326660156, 0.4030669629573822, 0.078323967754840851, 0.94859755039215088, 0.30664002895355225, 0.12173430621623993, 0.99689388275146484, -0.07197253406047821, -0.031984567642211914, -0.067648172378540039, 0, 0, 0, 1 ] } } } } ]
[ { "armCommand": { "armCartesianGoal": { "id": { "id": 2, "name": "l_arm" }, "goalPose": { "data": [ -0.013368725776672363, 0.3115641176700592, -0.950131356716156, 0.40308758616447449, 0.079866327345371246, 0.94751280546188354, 0.30958178639411926, 0.12169149518013, 0.9967162013053894, -0.071744851768016815, -0.037550568580627441, -0.062838077545166016, 0, 0, 0, 1 ] } } } } ]
[ { "armCommand": { "armCartesianGoal": { "id": { "id": 2, "name": "l_arm" }, "goalPose": { "data": [ -0.0172804594039917, 0.31843873858451843, -0.94778621196746826, 0.40298229455947876, 0.084017150104045868, 0.9450373649597168, 0.31598347425460815, 0.12153772264719009, 0.99631476402282715, -0.074170038104057312, -0.043084979057312012, -0.058022022247314453, 0, 0, 0, 1 ] } } } } ]
[ { "armCommand": { "armCartesianGoal": { "id": { "id": 2, "name": "l_arm" }, "goalPose": { "data": [ -0.0218430757522583, 0.32517445087432861, -0.94540202617645264, 0.4028492271900177, 0.087844707071781158, 0.94259423017501831, 0.32217919826507568, 0.12139589339494705, 0.9958949089050293, -0.076011247932910919, -0.049154043197631836, -0.053165912628173828, 0, 0, 0, 1 ] } } } } ]
